111111111111111111111111111111
111111111111111111111111111111
111111111111111111111111111111
111111111111111111111111111111
111111111111111111111111111111
111111111111111111111111111111
111111111111111111111111111111
111111111111111111111111111111
111111111111111111111111111111
111111111111111111111111111111
111111100000000000000001111111
111111100650000000000001111111
111111100400001100000001111111
111111100000111111000001111111
111111100001222222100001111111
111111100001222222100001111111
111111100000111111000001111111
111111100000001100007001111111
111111100000000000089001111111
111111100000000000000001111111
111111111111111111111111111111
111111111111111111111111111111
111111111111111111111111111111
111111111111111111111111111111
111111111111111111111111111111
111111111111111111111111111111
111111111111111111111111111111
111111111111111111111111111111
111111111111111111111111111111
111111111111111111111111111111