111111111111111111111111111111
111111111111111111111111111111
111111111111111111111111111111
111111111111111111111111111111
111111111111111111111111111111
111111111111111111111111111111
111111111111111111111111111111
111111100000000000000001111111
111111100000000000000001111111
111111100000400500600001111111
111111100000000000000001111111
111111100000000000000001111111
111111100000000000000021111111
111111100000000000000001111111
111111122201000001022221111111
111111122220001100222221111111
111111102220007800022221111111
111111100000000000002221111111
111111100000000000222221111111
111111100000000000000001111111
111111100000000000000001111111
111111100000000090000001111111
111111100000000000000001111111
111111111111111111111111111111
111111111111111111111111111111
111111111111111111111111111111
111111111111111111111111111111
111111111111111111111111111111
111111111111111111111111111111
111111111111111111111111111111