111111111111111111111111111111
111111111111111111111111111111
111111111111111111111111111111
111111111111111111111111111111
111111111111111111111111111111
111111111111111111111111111111
111111111111111111111111111111
111111100000000000000001111111
111111100000000000000001111111
111111100000400500600001111111
111111100000000000000001111111
111111100000000000000001111111
111111100000000000000001111111
111111100000001111111111111111
111111100000001222222111111111
111111100000012222211111111111
111111100000012222211111111111
111111100000011111111001111111
111111100000000000000001111111
111111100000000000000001111111
111111100700000000000001111111
111111100000800090000001111111
111111100000000000000001111111
111111111111111111111111111111
111111111111111111111111111111
111111111111111111111111111111
111111111111111111111111111111
111111111111111111111111111111
111111111111111111111111111111
111111111111111111111111111111