111111111111111111111111111111
111111111111111111111111111111
111111111111111111111111111111
111111111111111111111111111111
111111111111111111111111111111
100000000000000000000000000001
100000000000000000000000000001
100111111111111111111111111001
100100000000000000000000001001
100100000000000000000000001001
100100111111111111111111001001
100100100000000000000001001001
100100100000000000000001001001
100100100111111111111001001001
100100100100000000081001001001
100100100100000000001001001001
100100100100111111111001001001
100100100100000000000001001001
100100100100000000000001001001
100100100111111111111111001001
100100100000000000000000001001
100100100000000000000000001001
100100111111111111111111111001
100100000000000000000000000001
190100000000000000000000000001
111111111111111111111111111111
111111111111111111111111111111
111111111111111111111111111111
111111111111111111111111111111
111111111111111111111111111111