111111111111111111111111111111
111111111111111111111111111111
111111111111111111111111111111
111111111111111111111111111111
111111111111111111111111111111
111111000000500000511111800011
111111055550005550000111555011
110000051111111111110111505011
110555551555555551000555500011
110511111500000051055500055011
110555555505150051055505055011
110000000005150051000005000011
112222222222233332222222222211
112222222222200002222222222211
112222222222200002222222222211
112222222222200002222222222211
112222222222200002222222222211
112222222222200002222222222211
110000000001100000000000000011
111111111101100011011101011011
110000001101100011011001011011
110111101101100011000011011011
110000101101100011011111001011
111110101101100011011111111011
119000100000000011000000001411
111111111111111111111111111111
111111111111111111111111111111
111111111111111111111111111111
111111111111111111111111111111
111111111111111111111111111111