111111111111111111111111111111
100000000000000000000000000001
100000000000000811111111111111
100000000000005550000000000001
100000000000005550000000000001
100000000000005550000000000001
100000000000005550000000000001
100000000000005550000000000001
100000000000000000000000000001
100000000000000000000000000001
100000000000000000000000000001
100000000000000000000000000001
100000000000000000000000000001
100000000000000000000000000001
122222222222220022222222222221
122222222222220022222222222221
122222222222220022222222222221
122222222222223322222222222221
122222222222220022222222222221
122222222222220022222222222221
100001000000000000000000000001
100001000000000000000000000011
100001001111111111111111100111
100101000011111111111140001111
100101011010001000100000100001
100100000000100010000011111101
100101111111111111111110000001
109101111111111111111110111111
100101111111111111111110000001
111111111111111111111111111111