111111111111111111111111111111
111111111111111111111111111111
111111111111111111111111111111
111111111111111111111111111111
111111111111111111111111111111
100000000000180001000000000001
100000000000110011000000000001
111111111000110011000111111111
100122221000110011000122221001
100122221000550055000122221001
100122221000000000000122221001
100122221000000000000122221001
100111111333111111333111111001
100000000000122221000000000001
100000000000122221000000000001
100111111000122221000111111001
100122221000122221000122221001
100122221000112211000122221001
100122221000011110000122221001
100122221000000000000122221001
100122221000000000000122221001
100122221000000000000122221001
100111111000000000000111111001
100000000000000000000100041001
190000000000000000000100001001
111111111111111111111111611611
111111111111111111111111611611
111111111111111111111111666611
111111111111111111111111111111
111111111111111111111111111111