111111111111111111111111111111
166000006666666066666666666661
166006006666666066666666666661
166665606666666066666666666661
166006006666666066666666666661
166000006666666066666666656661
166666666666666066666666666661
166666666666666066666666666661
166666666666666066666666666661
100000000000000000000000000001
100000000000000000000000000001
100000002220000400000000000001
100000222220004440000000000001
100222222220044344000000022221
100222222220004940000000222221
122222222000044344000022222221
122222222000004440000022222221
122222222000000400000022222221
122222222000000000000022222221
122222222222000000002222222221
100000222222000000000222222201
100000000222220000000000000001
100000000022220666666666666661
100000000000000666666666666661
100000000000000000666666666661
100000000000006666666666666651
100000000000000000006666666661
107000000000000000000000666661
100000000000000000000000000661
111111111111111111111111111111